{
    "cefoxSR1601000701":[0.42439604831176625],
    "cefoxSR1707003501":[0.38282160171808977],
    "cefoxSR1707003701":[0.5750601954122831],
    "cefoxSR1707004101":[0.40764993979436015],
    "cefoxSR1707004201":[0.4955376827865887],
    "cefoxSR1707004301":[0.32406607334353776],
    "cefoxSR1707004401":[0.2045711009158367],
    "cefoxSR1707004501":[0.19051065910480552],
    "cefoxSR1707004601":[0.22707739492062776],
    "cefoxSR1707004701":[0.5942190101989553],
    "cefoxSR1707004801":[0.6503140198409447],
    "cefoxSR1707005001":[0.6722684912869911],
    "cefoxSR1707005101":[0.4097629491434824],
    "cefoxSR1707005601":[0.47297841350945574],
    "cefoxSR1707005701":[0.6751963045323319],
    "cefoxSR170705301":[0.3074665136213375]}